2839504617283950461728395059827163099
2839504617283950461728395059827162982
2839504617283950461728395059827163023
2839504617283950461728395059827162787
2839504617283950461728395059827162816
2839504617283950461728395059827162847
2839504617283950461728395059827163120
2839504617283950461728395059827162924
2839504617283950461728395059827163083
2839504617283950461728395059827162975
2839504617283950461728395059827163284
2839504617283950461728395059827163231
2839504617283950461728395059827163220
2839504617283950461728395059827162766
2839504617283950461728395059827162954
2839504617283950461728395059827163038
2839504617283950461728395059827163144
2839504617283950461728395059827162902
2839504617283950461728395059827162879
2839504617283950461728395059827163207
2839504617283950461728395059827162846
2839504617283950461728395059827163288
2839504617283950461728395059827163187
2839504617283950461728395059827162965
2839504617283950461728395059827163083
2839504617283950461728395059827163091
2839504617283950461728395059827162962
2839504617283950461728395059827163028
2839504617283950461728395059827162930
2839504617283950461728395059827163120
2839504617283950461728395059827162998
2839504617283950461728395059827163078
2839504617283950461728395059827162824
2839504617283950461728395059827162921
2839504617283950461728395059827162714
2839504617283950461728395059827162966
2839504617283950461728395059827163110
2839504617283950461728395059827162965
2839504617283950461728395059827162880
2839504617283950461728395059827163179
2839504617283950461728395059827163169
2839504617283950461728395059827163192
2839504617283950461728395059827162950
2839504617283950461728395059827162870
2839504617283950461728395059827163020
2839504617283950461728395059827163053
2839504617283950461728395059827162846
2839504617283950461728395059827163017
2839504617283950461728395059827162957
2839504617283950461728395059827162884
2839504617283950461728395059827163112
2839504617283950461728395059827163267
2839504617283950461728395059827162981
2839504617283950461728395059827163234
2839504617283950461728395059827163231
2839504617283950461728395059827162844
2839504617283950461728395059827163069
2839504617283950461728395059827162925
2839504617283950461728395059827163044
2839504617283950461728395059827162937
2839504617283950461728395059827163115
2839504617283950461728395059827162948
2839504617283950461728395059827163100
2839504617283950461728395059827162975
2839504617283950461728395059827163218
2839504617283950461728395059827162829
2839504617283950461728395059827163001
2839504617283950461728395059827162976
2839504617283950461728395059827163156
2839504617283950461728395059827162864
2839504617283950461728395059827162878
2839504617283950461728395059827163190
2839504617283950461728395059827163073
2839504617283950461728395059827162847
2839504617283950461728395059827162827
2839504617283950461728395059827162956
2839504617283950461728395059827163033
2839504617283950461728395059827163197
2839504617283950461728395059827163194
2839504617283950461728395059827163095
2839504617283950461728395059827163107
2839504617283950461728395059827163187
2839504617283950461728395059827163088
2839504617283950461728395059827163093
2839504617283950461728395059827163024
2839504617283950461728395059827162794
2839504617283950461728395059827162879
2839504617283950461728395059827163193
2839504617283950461728395059827162772
2839504617283950461728395059827162986
2839504617283950461728395059827162871
2839504617283950461728395059827162845
2839504617283950461728395059827163272
2839504617283950461728395059827162759
2839504617283950461728395059827162865
2839504617283950461728395059827163255
2839504617283950461728395059827163157
2839504617283950461728395059827163211
2839504617283950461728395059827163122
2839504617283950461728395059827162953
2839504617283950461728395059827163057
2839504617283950461728395059827163244
2839504617283950461728395059827162797
2839504617283950461728395059827162843
2839504617283950461728395059827163144
2839504617283950461728395059827163006
2839504617283950461728395059827163107
2839504617283950461728395059827163026
2839504617283950461728395059827162798
2839504617283950461728395059827162851
2839504617283950461728395059827163107
2839504617283950461728395059827163148
2839504617283950461728395059827163012
2839504617283950461728395059827162744
2839504617283950461728395059827163176
2839504617283950461728395059827163115
2839504617283950461728395059827163274
2839504617283950461728395059827163108
2839504617283950461728395059827163058
2839504617283950461728395059827162777
2839504617283950461728395059827162811
2839504617283950461728395059827162953
2839504617283950461728395059827163197
2839504617283950461728395059827162784
2839504617283950461728395059827163227
2839504617283950461728395059827163043
2839504617283950461728395059827162995
2839504617283950461728395059827163051
2839504617283950461728395059827163296
2839504617283950461728395059827162698
2839504617283950461728395059827162939
2839504617283950461728395059827163009
2839504617283950461728395059827162774
2839504617283950461728395059827163118
2839504617283950461728395059827162953
2839504617283950461728395059827163116
2839504617283950461728395059827163027
2839504617283950461728395059827163062
2839504617283950461728395059827163148
2839504617283950461728395059827163255
2839504617283950461728395059827162892
2839504617283950461728395059827163136
2839504617283950461728395059827163065
2839504617283950461728395059827162994
2839504617283950461728395059827162893
2839504617283950461728395059827162762
2839504617283950461728395059827163126
2839504617283950461728395059827162872
2839504617283950461728395059827163119
2839504617283950461728395059827162974
2839504617283950461728395059827163042
2839504617283950461728395059827163063
2839504617283950461728395059827162934
2839504617283950461728395059827163326
2839504617283950461728395059827163167
2839504617283950461728395059827163067
2839504617283950461728395059827162996
2839504617283950461728395059827162880
2839504617283950461728395059827162858
2839504617283950461728395059827163251
2839504617283950461728395059827163209
2839504617283950461728395059827163337
2839504617283950461728395059827163320
2839504617283950461728395059827163294
2839504617283950461728395059827163220
2839504617283950461728395059827162756
2839504617283950461728395059827163044
2839504617283950461728395059827163173
2839504617283950461728395059827163040
2839504617283950461728395059827163121
2839504617283950461728395059827163042
2839504617283950461728395059827163237
2839504617283950461728395059827163003
2839504617283950461728395059827163042
2839504617283950461728395059827162950
2839504617283950461728395059827162979
2839504617283950461728395059827163151
2839504617283950461728395059827163224
2839504617283950461728395059827162915
2839504617283950461728395059827163093
2839504617283950461728395059827163020
2839504617283950461728395059827163269
2839504617283950461728395059827163234
2839504617283950461728395059827163162
2839504617283950461728395059827162981
2839504617283950461728395059827163299
2839504617283950461728395059827163269
2839504617283950461728395059827163047
2839504617283950461728395059827162904
2839504617283950461728395059827162984
2839504617283950461728395059827163150
2839504617283950461728395059827163095
2839504617283950461728395059827163314
2839504617283950461728395059827163054
2839504617283950461728395059827163126
2839504617283950461728395059827162807
2839504617283950461728395059827163142
2839504617283950461728395059827163111
2839504617283950461728395059827162872
2839504617283950461728395059827162918
2839504617283950461728395059827163167
2839504617283950461728395059827162851
2839504617283950461728395059827162992
2839504617283950461728395059827163090
2839504617283950461728395059827162869
2839504617283950461728395059827162887
2839504617283950461728395059827162925
2839504617283950461728395059827162914
2839504617283950461728395059827163269
2839504617283950461728395059827163012
2839504617283950461728395059827163242
2839504617283950461728395059827163158
2839504617283950461728395059827162962
2839504617283950461728395059827162930
2839504617283950461728395059827163056
2839504617283950461728395059827162789
2839504617283950461728395059827162912
2839504617283950461728395059827162978
2839504617283950461728395059827163223
2839504617283950461728395059827162838
2839504617283950461728395059827163024
2839504617283950461728395059827162986
2839504617283950461728395059827163247
2839504617283950461728395059827162801
2839504617283950461728395059827162837
2839504617283950461728395059827163082
2839504617283950461728395059827163223
2839504617283950461728395059827162916
2839504617283950461728395059827163168
2839504617283950461728395059827162944
2839504617283950461728395059827162961
2839504617283950461728395059827163226
2839504617283950461728395059827162971
2839504617283950461728395059827163217
2839504617283950461728395059827162927
2839504617283950461728395059827162968
2839504617283950461728395059827162757
2839504617283950461728395059827162779
2839504617283950461728395059827162897
2839504617283950461728395059827163183
2839504617283950461728395059827163182
2839504617283950461728395059827163005
2839504617283950461728395059827163090
2839504617283950461728395059827162930
2839504617283950461728395059827162998
2839504617283950461728395059827163228
2839504617283950461728395059827163059
2839504617283950461728395059827162998
2839504617283950461728395059827162750
2839504617283950461728395059827162882
2839504617283950461728395059827162885
2839504617283950461728395059827163077
2839504617283950461728395059827162996
2839504617283950461728395059827163002
2839504617283950461728395059827163111
2839504617283950461728395059827163057
2839504617283950461728395059827163155
2839504617283950461728395059827163021
2839504617283950461728395059827162802
2839504617283950461728395059827163102
2839504617283950461728395059827162740
2839504617283950461728395059827163105
2839504617283950461728395059827163059
2839504617283950461728395059827163008
2839504617283950461728395059827163204
2839504617283950461728395059827162817
2839504617283950461728395059827162909
2839504617283950461728395059827163065
2839504617283950461728395059827162888
2839504617283950461728395059827163222
2839504617283950461728395059827163200
2839504617283950461728395059827163252
2839504617283950461728395059827162799
2839504617283950461728395059827163152
2839504617283950461728395059827162877
2839504617283950461728395059827163134
2839504617283950461728395059827163102
2839504617283950461728395059827163197
2839504617283950461728395059827162868
2839504617283950461728395059827163079
2839504617283950461728395059827163064
2839504617283950461728395059827162943
2839504617283950461728395059827163155
2839504617283950461728395059827163084
2839504617283950461728395059827163213
2839504617283950461728395059827163010
2839504617283950461728395059827162794
2839504617283950461728395059827163314
2839504617283950461728395059827163065
2839504617283950461728395059827163205
2839504617283950461728395059827163098
2839504617283950461728395059827163301
2839504617283950461728395059827163004
2839504617283950461728395059827163080
2839504617283950461728395059827163079
2839504617283950461728395059827163027
2839504617283950461728395059827163242
2839504617283950461728395059827163155
2839504617283950461728395059827163149
2839504617283950461728395059827162948
2839504617283950461728395059827163124
2839504617283950461728395059827163112
2839504617283950461728395059827162930
2839504617283950461728395059827162985
2839504617283950461728395059827163054
2839504617283950461728395059827163006
2839504617283950461728395059827163221
2839504617283950461728395059827163198
2839504617283950461728395059827162991
2839504617283950461728395059827163095
2839504617283950461728395059827163274
2839504617283950461728395059827163248
2839504617283950461728395059827162869
2839504617283950461728395059827163202
2839504617283950461728395059827162858
2839504617283950461728395059827162937
2839504617283950461728395059827163073
2839504617283950461728395059827163183
2839504617283950461728395059827162974
2839504617283950461728395059827163310
2839504617283950461728395059827163116
2839504617283950461728395059827162993
2839504617283950461728395059827163011
2839504617283950461728395059827162752
2839504617283950461728395059827162755
2839504617283950461728395059827163183
2839504617283950461728395059827163061
2839504617283950461728395059827163145
2839504617283950461728395059827162911
2839504617283950461728395059827163170
2839504617283950461728395059827163288
2839504617283950461728395059827163081
2839504617283950461728395059827162842
2839504617283950461728395059827163120
2839504617283950461728395059827163115
2839504617283950461728395059827163339
2839504617283950461728395059827163085
2839504617283950461728395059827163094
2839504617283950461728395059827163045
2839504617283950461728395059827162898
2839504617283950461728395059827163343
2839504617283950461728395059827163128
2839504617283950461728395059827162836
2839504617283950461728395059827162929
2839504617283950461728395059827162856
2839504617283950461728395059827163117
2839504617283950461728395059827163074
2839504617283950461728395059827163273
2839504617283950461728395059827163028
2839504617283950461728395059827163104
2839504617283950461728395059827163006
2839504617283950461728395059827162960
2839504617283950461728395059827162893
2839504617283950461728395059827163138
2839504617283950461728395059827163250
2839504617283950461728395059827163029
2839504617283950461728395059827163281
2839504617283950461728395059827163123
2839504617283950461728395059827163062
2839504617283950461728395059827162998
2839504617283950461728395059827162963
2839504617283950461728395059827162912
2839504617283950461728395059827163225
2839504617283950461728395059827162890
2839504617283950461728395059827163116
2839504617283950461728395059827162976
2839504617283950461728395059827163132
2839504617283950461728395059827162992
2839504617283950461728395059827162987
2839504617283950461728395059827163124
2839504617283950461728395059827163139
2839504617283950461728395059827163118
2839504617283950461728395059827162941
2839504617283950461728395059827163078
2839504617283950461728395059827163014
2839504617283950461728395059827162825
2839504617283950461728395059827163072
2839504617283950461728395059827163000
2839504617283950461728395059827162899
2839504617283950461728395059827163090
2839504617283950461728395059827163169
2839504617283950461728395059827162928
2839504617283950461728395059827163184
2839504617283950461728395059827162927
2839504617283950461728395059827163076
2839504617283950461728395059827162976
2839504617283950461728395059827163060
2839504617283950461728395059827163109
2839504617283950461728395059827162986
2839504617283950461728395059827163078
2839504617283950461728395059827162835
2839504617283950461728395059827162920
2839504617283950461728395059827163047
2839504617283950461728395059827163118
2839504617283950461728395059827162785
2839504617283950461728395059827162865
2839504617283950461728395059827163013
2839504617283950461728395059827162899
2839504617283950461728395059827163039
2839504617283950461728395059827163121
2839504617283950461728395059827163196
2839504617283950461728395059827162962
2839504617283950461728395059827162777
2839504617283950461728395059827163176
2839504617283950461728395059827163300
2839504617283950461728395059827163291
2839504617283950461728395059827163219
2839504617283950461728395059827162947
2839504617283950461728395059827163032
2839504617283950461728395059827162928
2839504617283950461728395059827162843
2839504617283950461728395059827162841
2839504617283950461728395059827162932
2839504617283950461728395059827163174
2839504617283950461728395059827163033
2839504617283950461728395059827163110
2839504617283950461728395059827162755
2839504617283950461728395059827163035
2839504617283950461728395059827162995
2839504617283950461728395059827162990
2839504617283950461728395059827162736
2839504617283950461728395059827163004
2839504617283950461728395059827163161
2839504617283950461728395059827163209
2839504617283950461728395059827163013
2839504617283950461728395059827162908
2839504617283950461728395059827163207
2839504617283950461728395059827162932
2839504617283950461728395059827162915
2839504617283950461728395059827163170
2839504617283950461728395059827162980
2839504617283950461728395059827162954
2839504617283950461728395059827162857
2839504617283950461728395059827163261
2839504617283950461728395059827163277
2839504617283950461728395059827162876
2839504617283950461728395059827163249
2839504617283950461728395059827162938
2839504617283950461728395059827163104
2839504617283950461728395059827162898
2839504617283950461728395059827162949
2839504617283950461728395059827163239
2839504617283950461728395059827162913
2839504617283950461728395059827163097
2839504617283950461728395059827163245
2839504617283950461728395059827162944
2839504617283950461728395059827163237
2839504617283950461728395059827163170
2839504617283950461728395059827162964
2839504617283950461728395059827163159
2839504617283950461728395059827162962
2839504617283950461728395059827162970
2839504617283950461728395059827163054
2839504617283950461728395059827162876
2839504617283950461728395059827162893
2839504617283950461728395059827162843
2839504617283950461728395059827162925
2839504617283950461728395059827162970
2839504617283950461728395059827162822
2839504617283950461728395059827163023
2839504617283950461728395059827163142
2839504617283950461728395059827163160
2839504617283950461728395059827162776
2839504617283950461728395059827163153
2839504617283950461728395059827162916
2839504617283950461728395059827163137
2839504617283950461728395059827163145
2839504617283950461728395059827162935
2839504617283950461728395059827162926
2839504617283950461728395059827163136
2839504617283950461728395059827163284
2839504617283950461728395059827162819
2839504617283950461728395059827163332
2839504617283950461728395059827162977
2839504617283950461728395059827162849
2839504617283950461728395059827162805
2839504617283950461728395059827163329
2839504617283950461728395059827163175
2839504617283950461728395059827163306
2839504617283950461728395059827162780
2839504617283950461728395059827163094
2839504617283950461728395059827162973
2839504617283950461728395059827163031
2839504617283950461728395059827163113
2839504617283950461728395059827162838
2839504617283950461728395059827162942
2839504617283950461728395059827162822
2839504617283950461728395059827163235
2839504617283950461728395059827163228
2839504617283950461728395059827162824
2839504617283950461728395059827162962
2839504617283950461728395059827162941
2839504617283950461728395059827163324
2839504617283950461728395059827163071
2839504617283950461728395059827163091
2839504617283950461728395059827163192
2839504617283950461728395059827163037
2839504617283950461728395059827163045
2839504617283950461728395059827163094
2839504617283950461728395059827162952
2839504617283950461728395059827163011
2839504617283950461728395059827162939
2839504617283950461728395059827163185
2839504617283950461728395059827162884
2839504617283950461728395059827162959
2839504617283950461728395059827162925
2839504617283950461728395059827163069
2839504617283950461728395059827163191
2839504617283950461728395059827162946
2839504617283950461728395059827163254
2839504617283950461728395059827163056
2839504617283950461728395059827162879
2839504617283950461728395059827162790
2839504617283950461728395059827163131
2839504617283950461728395059827163220
2839504617283950461728395059827163054
2839504617283950461728395059827163048
2839504617283950461728395059827162905
2839504617283950461728395059827162951
2839504617283950461728395059827163044
2839504617283950461728395059827163031
2839504617283950461728395059827162998
2839504617283950461728395059827163129
2839504617283950461728395059827162901
2839504617283950461728395059827163072
2839504617283950461728395059827163235
2839504617283950461728395059827162807
2839504617283950461728395059827162973
2839504617283950461728395059827162762
2839504617283950461728395059827162790
2839504617283950461728395059827163084
2839504617283950461728395059827163075
2839504617283950461728395059827163172
2839504617283950461728395059827162978
2839504617283950461728395059827163212
2839504617283950461728395059827162742
2839504617283950461728395059827163027
2839504617283950461728395059827162821
2839504617283950461728395059827163027
2839504617283950461728395059827162897
2839504617283950461728395059827163050
2839504617283950461728395059827163158
2839504617283950461728395059827162969
2839504617283950461728395059827163195
2839504617283950461728395059827163073
2839504617283950461728395059827163239
2839504617283950461728395059827162854
2839504617283950461728395059827162907
2839504617283950461728395059827163160
2839504617283950461728395059827162989
2839504617283950461728395059827162877
2839504617283950461728395059827163080
2839504617283950461728395059827163182
2839504617283950461728395059827163182
2839504617283950461728395059827162883
2839504617283950461728395059827163029
2839504617283950461728395059827163302
2839504617283950461728395059827163070
2839504617283950461728395059827162773
2839504617283950461728395059827163029
2839504617283950461728395059827163117
2839504617283950461728395059827163117
2839504617283950461728395059827162988
2839504617283950461728395059827162905
2839504617283950461728395059827162967
2839504617283950461728395059827163129
2839504617283950461728395059827162924
2839504617283950461728395059827162945
2839504617283950461728395059827162909
2839504617283950461728395059827162960
2839504617283950461728395059827163166
2839504617283950461728395059827163196
2839504617283950461728395059827162782
2839504617283950461728395059827163066
2839504617283950461728395059827163125
2839504617283950461728395059827163079
2839504617283950461728395059827163102
2839504617283950461728395059827163141
2839504617283950461728395059827163110
2839504617283950461728395059827163043
2839504617283950461728395059827163058
2839504617283950461728395059827163038
2839504617283950461728395059827163080
2839504617283950461728395059827163013
2839504617283950461728395059827162969
2839504617283950461728395059827163027
2839504617283950461728395059827163097
2839504617283950461728395059827162831
2839504617283950461728395059827163252
2839504617283950461728395059827162926
2839504617283950461728395059827163308
2839504617283950461728395059827162983
2839504617283950461728395059827162797
2839504617283950461728395059827162857
2839504617283950461728395059827163158
2839504617283950461728395059827163249
2839504617283950461728395059827162811
2839504617283950461728395059827162974
2839504617283950461728395059827163231
2839504617283950461728395059827163088
2839504617283950461728395059827163117
2839504617283950461728395059827162995
2839504617283950461728395059827163076
2839504617283950461728395059827163075
2839504617283950461728395059827163015
2839504617283950461728395059827162990
2839504617283950461728395059827163026
2839504617283950461728395059827163049
2839504617283950461728395059827163317
2839504617283950461728395059827163016
2839504617283950461728395059827162835
2839504617283950461728395059827163144
2839504617283950461728395059827163203
2839504617283950461728395059827162776
2839504617283950461728395059827163255
2839504617283950461728395059827163323
2839504617283950461728395059827163254
2839504617283950461728395059827163166
2839504617283950461728395059827163134
2839504617283950461728395059827162786
2839504617283950461728395059827163023
2839504617283950461728395059827163121
2839504617283950461728395059827163102
2839504617283950461728395059827162816
2839504617283950461728395059827162968
2839504617283950461728395059827163264
2839504617283950461728395059827162944
2839504617283950461728395059827163160
2839504617283950461728395059827163017
2839504617283950461728395059827163050
2839504617283950461728395059827163123
2839504617283950461728395059827163188
2839504617283950461728395059827163025
2839504617283950461728395059827163018
2839504617283950461728395059827163151
2839504617283950461728395059827162903
2839504617283950461728395059827162825
2839504617283950461728395059827162830
2839504617283950461728395059827163045
2839504617283950461728395059827163000
2839504617283950461728395059827163136
2839504617283950461728395059827163068
2839504617283950461728395059827163005
2839504617283950461728395059827163212
2839504617283950461728395059827163154
2839504617283950461728395059827162924
2839504617283950461728395059827163066
2839504617283950461728395059827163148
2839504617283950461728395059827163053
2839504617283950461728395059827163167
2839504617283950461728395059827163176
2839504617283950461728395059827163130
2839504617283950461728395059827163148
2839504617283950461728395059827162865
2839504617283950461728395059827162965
2839504617283950461728395059827163175
2839504617283950461728395059827163033
2839504617283950461728395059827162856
2839504617283950461728395059827162936
2839504617283950461728395059827162906
2839504617283950461728395059827163129
2839504617283950461728395059827162907
2839504617283950461728395059827163171
2839504617283950461728395059827163259
2839504617283950461728395059827163109
2839504617283950461728395059827163241
2839504617283950461728395059827163023
2839504617283950461728395059827163106
2839504617283950461728395059827163254
2839504617283950461728395059827163063
2839504617283950461728395059827163129
2839504617283950461728395059827163134
2839504617283950461728395059827163032
2839504617283950461728395059827162979
2839504617283950461728395059827162796
2839504617283950461728395059827162940
2839504617283950461728395059827163272
2839504617283950461728395059827163047
2839504617283950461728395059827163056
2839504617283950461728395059827163118
2839504617283950461728395059827162776
2839504617283950461728395059827162940
2839504617283950461728395059827162861
2839504617283950461728395059827163279
2839504617283950461728395059827162896
2839504617283950461728395059827162861
2839504617283950461728395059827163043
2839504617283950461728395059827162929
2839504617283950461728395059827162827
2839504617283950461728395059827162722
2839504617283950461728395059827163224
2839504617283950461728395059827162963
2839504617283950461728395059827162906
2839504617283950461728395059827163084
2839504617283950461728395059827162840
2839504617283950461728395059827163042
2839504617283950461728395059827163267
2839504617283950461728395059827162756
2839504617283950461728395059827162833
2839504617283950461728395059827163038
2839504617283950461728395059827163141
2839504617283950461728395059827162753
2839504617283950461728395059827163063
2839504617283950461728395059827162843
2839504617283950461728395059827163042
2839504617283950461728395059827163201
2839504617283950461728395059827162988
2839504617283950461728395059827163014
2839504617283950461728395059827163174
2839504617283950461728395059827162783
2839504617283950461728395059827163263
2839504617283950461728395059827162899
2839504617283950461728395059827162909
2839504617283950461728395059827163356
2839504617283950461728395059827162968
2839504617283950461728395059827163089
2839504617283950461728395059827163145
2839504617283950461728395059827163304
2839504617283950461728395059827163004
2839504617283950461728395059827163000
2839504617283950461728395059827162942
2839504617283950461728395059827162749
2839504617283950461728395059827162883
2839504617283950461728395059827163221
2839504617283950461728395059827162862
2839504617283950461728395059827162935
2839504617283950461728395059827163304
2839504617283950461728395059827162769
2839504617283950461728395059827163217
2839504617283950461728395059827163029
2839504617283950461728395059827163222
2839504617283950461728395059827163005
2839504617283950461728395059827163105
2839504617283950461728395059827162957
2839504617283950461728395059827163085
2839504617283950461728395059827162823
2839504617283950461728395059827162977
2839504617283950461728395059827163003
2839504617283950461728395059827163061
2839504617283950461728395059827162781
2839504617283950461728395059827162933
2839504617283950461728395059827163180
2839504617283950461728395059827163164
2839504617283950461728395059827163044
2839504617283950461728395059827162902
2839504617283950461728395059827163015
2839504617283950461728395059827162806
2839504617283950461728395059827163073
2839504617283950461728395059827162747
2839504617283950461728395059827162758
2839504617283950461728395059827162761
2839504617283950461728395059827163122
2839504617283950461728395059827162866
2839504617283950461728395059827163094
2839504617283950461728395059827163084
2839504617283950461728395059827163169
2839504617283950461728395059827162915
2839504617283950461728395059827163046
2839504617283950461728395059827163058
2839504617283950461728395059827162903
2839504617283950461728395059827163097
2839504617283950461728395059827162748
2839504617283950461728395059827163176
2839504617283950461728395059827163017
2839504617283950461728395059827162953
2839504617283950461728395059827163086
2839504617283950461728395059827162884
2839504617283950461728395059827163145
2839504617283950461728395059827163149
2839504617283950461728395059827162974
2839504617283950461728395059827163011
2839504617283950461728395059827163310
2839504617283950461728395059827162753
2839504617283950461728395059827162971
2839504617283950461728395059827163184
2839504617283950461728395059827163016
2839504617283950461728395059827162996
2839504617283950461728395059827163159
2839504617283950461728395059827163088
2839504617283950461728395059827162952
2839504617283950461728395059827162915
2839504617283950461728395059827162888
2839504617283950461728395059827163116
2839504617283950461728395059827162839
2839504617283950461728395059827163021
2839504617283950461728395059827163031
2839504617283950461728395059827162902
2839504617283950461728395059827163090
2839504617283950461728395059827163045
2839504617283950461728395059827163053
2839504617283950461728395059827163328
2839504617283950461728395059827163205
2839504617283950461728395059827163066
2839504617283950461728395059827163143
2839504617283950461728395059827162938
2839504617283950461728395059827163160
2839504617283950461728395059827162976
2839504617283950461728395059827162849
2839504617283950461728395059827162957
2839504617283950461728395059827162993
2839504617283950461728395059827163082
2839504617283950461728395059827162834
2839504617283950461728395059827162852
2839504617283950461728395059827163060
2839504617283950461728395059827163242
2839504617283950461728395059827163145
2839504617283950461728395059827163133
2839504617283950461728395059827162828
2839504617283950461728395059827163141
2839504617283950461728395059827162994
2839504617283950461728395059827163084
2839504617283950461728395059827163340
2839504617283950461728395059827163210
2839504617283950461728395059827163135
2839504617283950461728395059827163172
2839504617283950461728395059827162858
2839504617283950461728395059827163180
2839504617283950461728395059827163173
2839504617283950461728395059827162709
2839504617283950461728395059827163244
2839504617283950461728395059827163218
2839504617283950461728395059827163198
2839504617283950461728395059827162947
2839504617283950461728395059827163144
2839504617283950461728395059827163107
2839504617283950461728395059827163113
2839504617283950461728395059827163159
2839504617283950461728395059827162899
2839504617283950461728395059827162912
2839504617283950461728395059827162866
2839504617283950461728395059827162888
2839504617283950461728395059827162914
2839504617283950461728395059827162975
2839504617283950461728395059827162958
2839504617283950461728395059827163074
2839504617283950461728395059827162833
2839504617283950461728395059827163145
2839504617283950461728395059827163178
2839504617283950461728395059827163010
2839504617283950461728395059827162985
2839504617283950461728395059827163260
2839504617283950461728395059827162846
2839504617283950461728395059827162820
2839504617283950461728395059827162895
2839504617283950461728395059827162999
2839504617283950461728395059827163048
2839504617283950461728395059827162855
2839504617283950461728395059827163232
2839504617283950461728395059827163119
2839504617283950461728395059827163024
2839504617283950461728395059827163052
2839504617283950461728395059827163099
2839504617283950461728395059827163173
2839504617283950461728395059827162916
2839504617283950461728395059827163225
2839504617283950461728395059827162820
2839504617283950461728395059827162881
2839504617283950461728395059827162930
2839504617283950461728395059827163258
2839504617283950461728395059827162867
2839504617283950461728395059827163130
2839504617283950461728395059827163083
2839504617283950461728395059827163270
2839504617283950461728395059827163067
2839504617283950461728395059827163070
2839504617283950461728395059827163036
2839504617283950461728395059827162818
2839504617283950461728395059827162981
2839504617283950461728395059827162956
2839504617283950461728395059827163204
2839504617283950461728395059827162760
2839504617283950461728395059827163123
2839504617283950461728395059827163113
2839504617283950461728395059827162883
2839504617283950461728395059827163037
2839504617283950461728395059827163001
2839504617283950461728395059827163218
2839504617283950461728395059827163110
2839504617283950461728395059827162863
2839504617283950461728395059827163034
2839504617283950461728395059827162925
2839504617283950461728395059827162923
2839504617283950461728395059827163279
2839504617283950461728395059827162694
2839504617283950461728395059827162852
2839504617283950461728395059827163063
2839504617283950461728395059827163005
2839504617283950461728395059827162905
2839504617283950461728395059827163254
2839504617283950461728395059827162719
2839504617283950461728395059827163214
2839504617283950461728395059827163008
2839504617283950461728395059827162976
2839504617283950461728395059827162862
2839504617283950461728395059827162984
2839504617283950461728395059827163155
2839504617283950461728395059827162767
2839504617283950461728395059827163306
2839504617283950461728395059827163113
2839504617283950461728395059827163246
2839504617283950461728395059827162923
2839504617283950461728395059827163190
2839504617283950461728395059827163048
2839504617283950461728395059827163253
2839504617283950461728395059827163009
2839504617283950461728395059827162833
2839504617283950461728395059827163124
2839504617283950461728395059827163059
2839504617283950461728395059827163096
2839504617283950461728395059827163012
2839504617283950461728395059827162910
2839504617283950461728395059827162952
2839504617283950461728395059827163019
2839504617283950461728395059827162880
2839504617283950461728395059827162770
2839504617283950461728395059827162943
2839504617283950461728395059827163259
2839504617283950461728395059827163189
2839504617283950461728395059827162963
2839504617283950461728395059827163298
2839504617283950461728395059827163150
2839504617283950461728395059827163068
2839504617283950461728395059827162744
2839504617283950461728395059827163108
2839504617283950461728395059827163048
2839504617283950461728395059827163158
2839504617283950461728395059827163012
2839504617283950461728395059827162898
2839504617283950461728395059827163023
2839504617283950461728395059827162965
2839504617283950461728395059827162906
2839504617283950461728395059827163223
2839504617283950461728395059827163159
2839504617283950461728395059827163208
2839504617283950461728395059827162811
2839504617283950461728395059827163001
2839504617283950461728395059827163021
2839504617283950461728395059827162781
2839504617283950461728395059827163198
2839504617283950461728395059827162961
2839504617283950461728395059827163334
2839504617283950461728395059827163155
2839504617283950461728395059827162771
2839504617283950461728395059827162766
2839504617283950461728395059827163045
2839504617283950461728395059827163316
2839504617283950461728395059827163025
2839504617283950461728395059827163151
2839504617283950461728395059827163106
2839504617283950461728395059827163099
2839504617283950461728395059827162915
2839504617283950461728395059827162720
2839504617283950461728395059827163141
2839504617283950461728395059827163167
2839504617283950461728395059827163239
2839504617283950461728395059827162871
2839504617283950461728395059827163305
2839504617283950461728395059827162943
2839504617283950461728395059827163297
2839504617283950461728395059827163036
2839504617283950461728395059827163128
2839504617283950461728395059827162761
2839504617283950461728395059827163010
2839504617283950461728395059827163243
2839504617283950461728395059827162834
2839504617283950461728395059827163128
2839504617283950461728395059827162948
2839504617283950461728395059827163164
2839504617283950461728395059827162859
2839504617283950461728395059827162969
2839504617283950461728395059827162839
2839504617283950461728395059827163138
2839504617283950461728395059827163183
2839504617283950461728395059827163212
2839504617283950461728395059827163210
2839504617283950461728395059827163271
2839504617283950461728395059827163133
2839504617283950461728395059827163125
2839504617283950461728395059827162919
2839504617283950461728395059827162765
2839504617283950461728395059827163146
2839504617283950461728395059827162852
2839504617283950461728395059827162832
2839504617283950461728395059827162928
2839504617283950461728395059827163025
2839504617283950461728395059827162939
2839504617283950461728395059827163001
2839504617283950461728395059827162871
2839504617283950461728395059827163067
2839504617283950461728395059827163203
2839504617283950461728395059827163002
2839504617283950461728395059827163035
2839504617283950461728395059827162981
2839504617283950461728395059827163059
2839504617283950461728395059827163168
2839504617283950461728395059827162980
2839504617283950461728395059827163133
2839504617283950461728395059827162969
2839504617283950461728395059827162961
2839504617283950461728395059827163054
2839504617283950461728395059827163164
2839504617283950461728395059827162741
2839504617283950461728395059827163228
2839504617283950461728395059827163014
2839504617283950461728395059827163001
2839504617283950461728395059827162823
2839504617283950461728395059827162814
2839504617283950461728395059827163068
2839504617283950461728395059827162815
2839504617283950461728395059827162791
2839504617283950461728395059827162963
2839504617283950461728395059827162941
2839504617283950461728395059827162883
2839504617283950461728395059827163099
2839504617283950461728395059827162921
2839504617283950461728395059827162836
2839504617283950461728395059827162920
2839504617283950461728395059827163111
2839504617283950461728395059827162955
2839504617283950461728395059827163240
2839504617283950461728395059827163078
2839504617283950461728395059827163192
2839504617283950461728395059827163286
2839504617283950461728395059827163057
2839504617283950461728395059827163096
2839504617283950461728395059827163266
2839504617283950461728395059827163072
2839504617283950461728395059827162931
2839504617283950461728395059827162836
2839504617283950461728395059827163121
2839504617283950461728395059827163092
2839504617283950461728395059827163074
2839504617283950461728395059827162931
2839504617283950461728395059827163107
2839504617283950461728395059827162901
2839504617283950461728395059827162861
2839504617283950461728395059827162941
2839504617283950461728395059827163152
2839504617283950461728395059827162852
2839504617283950461728395059827162991
2839504617283950461728395059827163238
2839504617283950461728395059827163091
2839504617283950461728395059827162984
2839504617283950461728395059827163156
2839504617283950461728395059827163285
2839504617283950461728395059827163292
2839504617283950461728395059827162837
2839504617283950461728395059827163128
2839504617283950461728395059827162869
2839504617283950461728395059827162942
2839504617283950461728395059827162997
2839504617283950461728395059827163089
2839504617283950461728395059827162855
2839504617283950461728395059827163134
2839504617283950461728395059827162980
2839504617283950461728395059827162999
2839504617283950461728395059827163173
2839504617283950461728395059827162866
2839504617283950461728395059827162908
2839504617283950461728395059827163191
2839504617283950461728395059827162786
2839504617283950461728395059827162855
2839504617283950461728395059827162922
2839504617283950461728395059827162961
2839504617283950461728395059827162949
2839504617283950461728395059827163049
2839504617283950461728395059827163105
2839504617283950461728395059827162885
2839504617283950461728395059827162892
2839504617283950461728395059827163085
2839504617283950461728395059827163302
2839504617283950461728395059827163185
2839504617283950461728395059827163076
2839504617283950461728395059827163151
2839504617283950461728395059827163128
2839504617283950461728395059827162913
2839504617283950461728395059827162971
2839504617283950461728395059827162974
2839504617283950461728395059827162942
2839504617283950461728395059827163136
2839504617283950461728395059827162833
2839504617283950461728395059827163214
2839504617283950461728395059827163188
2839504617283950461728395059827163100
2839504617283950461728395059827162967
2839504617283950461728395059827162977
2839504617283950461728395059827163248
2839504617283950461728395059827162924
2839504617283950461728395059827162979
2839504617283950461728395059827162937
2839504617283950461728395059827163298
2839504617283950461728395059827163081
2839504617283950461728395059827162955
2839504617283950461728395059827162861
2839504617283950461728395059827162951
2839504617283950461728395059827162991
2839504617283950461728395059827162734
2839504617283950461728395059827163077
2839504617283950461728395059827163253
2839504617283950461728395059827163238
2839504617283950461728395059827163184
2839504617283950461728395059827163020
2839504617283950461728395059827163200
2839504617283950461728395059827162792
2839504617283950461728395059827163028
2839504617283950461728395059827162966
2839504617283950461728395059827162828
2839504617283950461728395059827162959
2839504617283950461728395059827162936
2839504617283950461728395059827163293
2839504617283950461728395059827163166
2839504617283950461728395059827163127
2839504617283950461728395059827163101
2839504617283950461728395059827162999
2839504617283950461728395059827163122
2839504617283950461728395059827163140
2839504617283950461728395059827162775
2839504617283950461728395059827163098
2839504617283950461728395059827162926
2839504617283950461728395059827163257
2839504617283950461728395059827162935
2839504617283950461728395059827163003
2839504617283950461728395059827163311
2839504617283950461728395059827163149
2839504617283950461728395059827162816
2839504617283950461728395059827163163
2839504617283950461728395059827162891
2839504617283950461728395059827162919
2839504617283950461728395059827163161
2839504617283950461728395059827162923
2839504617283950461728395059827163086
2839504617283950461728395059827162888
2839504617283950461728395059827163003
2839504617283950461728395059827163037
2839504617283950461728395059827162917
2839504617283950461728395059827162867
2839504617283950461728395059827162778
2839504617283950461728395059827162897
2839504617283950461728395059827163045
2839504617283950461728395059827162972
2839504617283950461728395059827163181
2839504617283950461728395059827162975
2839504617283950461728395059827163291
2839504617283950461728395059827162847
2839504617283950461728395059827163034
2839504617283950461728395059827162812
2839504617283950461728395059827162731
2839504617283950461728395059827162954
2839504617283950461728395059827163154
2839504617283950461728395059827163191
2839504617283950461728395059827162887
2839504617283950461728395059827162795
2839504617283950461728395059827162739
2839504617283950461728395059827163219
2839504617283950461728395059827162855
2839504617283950461728395059827163074
2839504617283950461728395059827162864
2839504617283950461728395059827162808
2839504617283950461728395059827163065
2839504617283950461728395059827163018
2839504617283950461728395059827162897
2839504617283950461728395059827163083
2839504617283950461728395059827163241
2839504617283950461728395059827163217
2839504617283950461728395059827163087
2839504617283950461728395059827163038
2839504617283950461728395059827163047
2839504617283950461728395059827163100
2839504617283950461728395059827163094
2839504617283950461728395059827163235
2839504617283950461728395059827162973
2839504617283950461728395059827162958
2839504617283950461728395059827163294
2839504617283950461728395059827162896
2839504617283950461728395059827163224
2839504617283950461728395059827162820
2839504617283950461728395059827163125
2839504617283950461728395059827162894
2839504617283950461728395059827162956
2839504617283950461728395059827163161
2839504617283950461728395059827162898
2839504617283950461728395059827163075
2839504617283950461728395059827162988
2839504617283950461728395059827163086
2839504617283950461728395059827162951
2839504617283950461728395059827163300
2839504617283950461728395059827163053
2839504617283950461728395059827162903
2839504617283950461728395059827163058
2839504617283950461728395059827162847
2839504617283950461728395059827162874
2839504617283950461728395059827162873
2839504617283950461728395059827163040
2839504617283950461728395059827162764
2839504617283950461728395059827163211
2839504617283950461728395059827163174
2839504617283950461728395059827163186
2839504617283950461728395059827163008
2839504617283950461728395059827162956
2839504617283950461728395059827162805
2839504617283950461728395059827163227
2839504617283950461728395059827162830
2839504617283950461728395059827162956
2839504617283950461728395059827162970
2839504617283950461728395059827162910
2839504617283950461728395059827163165
2839504617283950461728395059827163018
2839504617283950461728395059827163007
2839504617283950461728395059827162864
2839504617283950461728395059827163151
2839504617283950461728395059827162915
2839504617283950461728395059827163333
2839504617283950461728395059827163080
2839504617283950461728395059827162916
2839504617283950461728395059827162885
2839504617283950461728395059827162878
2839504617283950461728395059827162808
2839504617283950461728395059827162980
2839504617283950461728395059827163052
2839504617283950461728395059827162718
2839504617283950461728395059827163140
2839504617283950461728395059827162778
2839504617283950461728395059827163061
2839504617283950461728395059827162848
2839504617283950461728395059827163014
2839504617283950461728395059827163112
2839504617283950461728395059827162764
2839504617283950461728395059827163152
2839504617283950461728395059827162890
2839504617283950461728395059827163003
2839504617283950461728395059827162889
2839504617283950461728395059827162841
2839504617283950461728395059827163152
2839504617283950461728395059827163157
2839504617283950461728395059827162922
2839504617283950461728395059827163129
2839504617283950461728395059827162809
2839504617283950461728395059827163280
2839504617283950461728395059827162898
2839504617283950461728395059827162925
2839504617283950461728395059827163170
2839504617283950461728395059827162917
2839504617283950461728395059827162888
2839504617283950461728395059827163057
2839504617283950461728395059827162867
2839504617283950461728395059827163185
2839504617283950461728395059827162826
2839504617283950461728395059827163147
2839504617283950461728395059827162903
2839504617283950461728395059827163319
2839504617283950461728395059827162817
2839504617283950461728395059827163251
2839504617283950461728395059827163203
2839504617283950461728395059827162809
2839504617283950461728395059827162986
2839504617283950461728395059827163174
2839504617283950461728395059827162948
2839504617283950461728395059827163013
2839504617283950461728395059827162920
2839504617283950461728395059827163060
2839504617283950461728395059827162923
2839504617283950461728395059827163050
2839504617283950461728395059827163278
2839504617283950461728395059827162826
2839504617283950461728395059827163105
2839504617283950461728395059827162914
2839504617283950461728395059827163105
2839504617283950461728395059827163034
2839504617283950461728395059827163178
2839504617283950461728395059827162845
2839504617283950461728395059827162813
2839504617283950461728395059827162956
2839504617283950461728395059827163130
2839504617283950461728395059827162743
2839504617283950461728395059827162942
2839504617283950461728395059827162917
2839504617283950461728395059827163039
2839504617283950461728395059827163146
2839504617283950461728395059827163156
2839504617283950461728395059827163208
2839504617283950461728395059827163289
2839504617283950461728395059827162838
2839504617283950461728395059827163146
2839504617283950461728395059827163044
2839504617283950461728395059827163039
2839504617283950461728395059827163140
2839504617283950461728395059827163140
2839504617283950461728395059827162989
2839504617283950461728395059827162869
2839504617283950461728395059827162807
2839504617283950461728395059827162789
2839504617283950461728395059827162982
2839504617283950461728395059827163071
2839504617283950461728395059827163043
2839504617283950461728395059827163000
2839504617283950461728395059827163127
2839504617283950461728395059827162878
2839504617283950461728395059827163003
2839504617283950461728395059827163230
2839504617283950461728395059827163169
2839504617283950461728395059827163162
2839504617283950461728395059827163079
2839504617283950461728395059827163163
2839504617283950461728395059827163259
2839504617283950461728395059827163114
2839504617283950461728395059827163001
2839504617283950461728395059827163171
2839504617283950461728395059827163098
2839504617283950461728395059827163189
2839504617283950461728395059827162834
2839504617283950461728395059827162726
2839504617283950461728395059827163052
2839504617283950461728395059827162921
2839504617283950461728395059827162730
2839504617283950461728395059827162781
2839504617283950461728395059827163312
2839504617283950461728395059827163290
2839504617283950461728395059827162959
2839504617283950461728395059827163023
2839504617283950461728395059827163181
2839504617283950461728395059827162999
2839504617283950461728395059827163118
2839504617283950461728395059827163069
2839504617283950461728395059827162812
2839504617283950461728395059827162934
2839504617283950461728395059827163010
2839504617283950461728395059827162859
2839504617283950461728395059827163122
2839504617283950461728395059827163037
2839504617283950461728395059827163208
2839504617283950461728395059827162971
2839504617283950461728395059827163225
2839504617283950461728395059827163038
2839504617283950461728395059827162975
2839504617283950461728395059827162982
2839504617283950461728395059827162821
2839504617283950461728395059827163143
2839504617283950461728395059827163006
2839504617283950461728395059827163064
2839504617283950461728395059827162840
2839504617283950461728395059827163178
2839504617283950461728395059827163099
2839504617283950461728395059827162876
2839504617283950461728395059827162715
2839504617283950461728395059827162803
2839504617283950461728395059827162942
2839504617283950461728395059827162966
2839504617283950461728395059827163022
2839504617283950461728395059827162953
2839504617283950461728395059827163175
2839504617283950461728395059827163099
2839504617283950461728395059827163244
2839504617283950461728395059827162902
2839504617283950461728395059827163174
2839504617283950461728395059827162901
2839504617283950461728395059827162963
2839504617283950461728395059827163056
2839504617283950461728395059827162957
2839504617283950461728395059827163139
2839504617283950461728395059827162882
2839504617283950461728395059827162880
2839504617283950461728395059827163188
2839504617283950461728395059827162983
2839504617283950461728395059827163189
2839504617283950461728395059827162870
2839504617283950461728395059827162828
2839504617283950461728395059827162970
2839504617283950461728395059827162891
2839504617283950461728395059827162965
2839504617283950461728395059827162957
2839504617283950461728395059827163097
2839504617283950461728395059827162951
2839504617283950461728395059827162933
2839504617283950461728395059827162869
2839504617283950461728395059827162929
2839504617283950461728395059827163033
2839504617283950461728395059827163017
2839504617283950461728395059827162920
2839504617283950461728395059827163101
2839504617283950461728395059827162783
2839504617283950461728395059827163320
2839504617283950461728395059827163123
2839504617283950461728395059827163032
2839504617283950461728395059827163268
2839504617283950461728395059827163105
2839504617283950461728395059827163049
2839504617283950461728395059827162957
2839504617283950461728395059827163089
2839504617283950461728395059827162779
2839504617283950461728395059827162834
2839504617283950461728395059827163069
2839504617283950461728395059827163104
2839504617283950461728395059827162925
2839504617283950461728395059827163100
2839504617283950461728395059827163014
2839504617283950461728395059827163161
2839504617283950461728395059827163037
2839504617283950461728395059827163034
2839504617283950461728395059827163162
2839504617283950461728395059827163120
2839504617283950461728395059827162969
2839504617283950461728395059827163292
2839504617283950461728395059827163153
2839504617283950461728395059827163115
2839504617283950461728395059827162951
2839504617283950461728395059827163277
2839504617283950461728395059827163037
2839504617283950461728395059827163216
2839504617283950461728395059827163047
2839504617283950461728395059827163176
2839504617283950461728395059827162839
2839504617283950461728395059827162740
2839504617283950461728395059827162863
2839504617283950461728395059827163033
2839504617283950461728395059827162838
2839504617283950461728395059827163093
2839504617283950461728395059827162829
2839504617283950461728395059827162942
2839504617283950461728395059827162955
2839504617283950461728395059827162986
2839504617283950461728395059827163049
2839504617283950461728395059827163044
2839504617283950461728395059827163091
2839504617283950461728395059827163079
2839504617283950461728395059827163198
2839504617283950461728395059827163063
2839504617283950461728395059827163060
2839504617283950461728395059827162893
2839504617283950461728395059827162918
2839504617283950461728395059827163233
2839504617283950461728395059827163058
2839504617283950461728395059827162994
2839504617283950461728395059827163088
2839504617283950461728395059827163084
2839504617283950461728395059827163052
2839504617283950461728395059827162918
2839504617283950461728395059827163108
2839504617283950461728395059827163106
2839504617283950461728395059827162770
2839504617283950461728395059827163157
2839504617283950461728395059827163113
2839504617283950461728395059827163050
2839504617283950461728395059827162901
2839504617283950461728395059827163087
2839504617283950461728395059827163040
2839504617283950461728395059827163215
2839504617283950461728395059827163180
2839504617283950461728395059827162768
2839504617283950461728395059827163151
2839504617283950461728395059827162858
2839504617283950461728395059827163226
2839504617283950461728395059827163043
2839504617283950461728395059827162929
2839504617283950461728395059827163282
2839504617283950461728395059827162796
2839504617283950461728395059827163308
2839504617283950461728395059827163057
2839504617283950461728395059827162984
2839504617283950461728395059827163219
2839504617283950461728395059827162700
2839504617283950461728395059827163247
2839504617283950461728395059827162926
2839504617283950461728395059827162979
2839504617283950461728395059827163073
2839504617283950461728395059827162885
2839504617283950461728395059827163149
2839504617283950461728395059827163025
2839504617283950461728395059827163022
2839504617283950461728395059827162977
2839504617283950461728395059827162920
2839504617283950461728395059827162964
2839504617283950461728395059827162993
2839504617283950461728395059827163165
2839504617283950461728395059827163112
2839504617283950461728395059827162798
2839504617283950461728395059827162934
2839504617283950461728395059827163103
2839504617283950461728395059827162874
2839504617283950461728395059827162760
2839504617283950461728395059827163177
2839504617283950461728395059827162879
2839504617283950461728395059827162986
2839504617283950461728395059827162951
2839504617283950461728395059827162729
2839504617283950461728395059827163247
2839504617283950461728395059827163138
2839504617283950461728395059827163020
2839504617283950461728395059827163117
2839504617283950461728395059827163132
2839504617283950461728395059827162952
2839504617283950461728395059827163268
2839504617283950461728395059827162906
2839504617283950461728395059827162907
2839504617283950461728395059827162901
2839504617283950461728395059827163153
2839504617283950461728395059827162938
2839504617283950461728395059827163138
2839504617283950461728395059827163018
2839504617283950461728395059827163347
2839504617283950461728395059827162900
2839504617283950461728395059827162751
2839504617283950461728395059827162873
2839504617283950461728395059827163047
2839504617283950461728395059827162994
2839504617283950461728395059827163093
2839504617283950461728395059827162848
2839504617283950461728395059827163127
2839504617283950461728395059827162889
2839504617283950461728395059827163325
2839504617283950461728395059827162961
2839504617283950461728395059827163104
2839504617283950461728395059827163073
2839504617283950461728395059827162723
2839504617283950461728395059827163102
2839504617283950461728395059827162996
2839504617283950461728395059827163335
2839504617283950461728395059827163149
2839504617283950461728395059827163171
2839504617283950461728395059827162829
2839504617283950461728395059827162867
2839504617283950461728395059827163267
2839504617283950461728395059827162948
2839504617283950461728395059827162958
2839504617283950461728395059827163235
2839504617283950461728395059827162997
2839504617283950461728395059827162882
2839504617283950461728395059827162839
2839504617283950461728395059827162910
2839504617283950461728395059827163138
2839504617283950461728395059827162886
2839504617283950461728395059827163062
2839504617283950461728395059827163101
2839504617283950461728395059827162873
2839504617283950461728395059827162979
2839504617283950461728395059827162933
2839504617283950461728395059827163059
2839504617283950461728395059827162746
2839504617283950461728395059827162875
2839504617283950461728395059827163013
2839504617283950461728395059827163073
2839504617283950461728395059827163028
2839504617283950461728395059827163060
2839504617283950461728395059827163126
2839504617283950461728395059827162875
2839504617283950461728395059827163153
2839504617283950461728395059827163038
2839504617283950461728395059827163039
2839504617283950461728395059827163092
2839504617283950461728395059827163106
2839504617283950461728395059827162705
2839504617283950461728395059827162814
2839504617283950461728395059827162977
2839504617283950461728395059827163064
2839504617283950461728395059827163081
2839504617283950461728395059827163155
2839504617283950461728395059827163204
2839504617283950461728395059827162831
2839504617283950461728395059827162735
2839504617283950461728395059827162904
2839504617283950461728395059827163022
2839504617283950461728395059827163112
2839504617283950461728395059827163109
2839504617283950461728395059827162933
2839504617283950461728395059827162791
2839504617283950461728395059827163157
2839504617283950461728395059827163160
2839504617283950461728395059827162955
2839504617283950461728395059827163197
2839504617283950461728395059827162832
2839504617283950461728395059827162984
2839504617283950461728395059827162983
2839504617283950461728395059827162881
2839504617283950461728395059827162954
2839504617283950461728395059827163168
2839504617283950461728395059827163003
2839504617283950461728395059827162894
2839504617283950461728395059827162902
2839504617283950461728395059827163181
2839504617283950461728395059827162889
2839504617283950461728395059827163090
2839504617283950461728395059827163004
2839504617283950461728395059827163150
2839504617283950461728395059827163020
2839504617283950461728395059827163137
2839504617283950461728395059827163129
2839504617283950461728395059827162919
2839504617283950461728395059827163309
2839504617283950461728395059827163140
2839504617283950461728395059827162916
2839504617283950461728395059827162976
2839504617283950461728395059827163230
2839504617283950461728395059827162917
2839504617283950461728395059827163113
2839504617283950461728395059827162803
2839504617283950461728395059827163179
2839504617283950461728395059827162972
2839504617283950461728395059827163108
2839504617283950461728395059827162881
2839504617283950461728395059827163130
2839504617283950461728395059827162975
2839504617283950461728395059827163171
2839504617283950461728395059827163256
2839504617283950461728395059827163194
2839504617283950461728395059827163076
2839504617283950461728395059827163032
2839504617283950461728395059827162886
2839504617283950461728395059827162900
2839504617283950461728395059827162993
2839504617283950461728395059827162842
2839504617283950461728395059827163292
2839504617283950461728395059827163128
2839504617283950461728395059827163126
2839504617283950461728395059827163284
2839504617283950461728395059827162894
2839504617283950461728395059827163016
2839504617283950461728395059827163252
2839504617283950461728395059827163075
2839504617283950461728395059827162971
2839504617283950461728395059827162724
2839504617283950461728395059827162987
2839504617283950461728395059827163280
2839504617283950461728395059827163248
2839504617283950461728395059827162931
2839504617283950461728395059827163236
2839504617283950461728395059827163162
2839504617283950461728395059827162947
2839504617283950461728395059827162856
2839504617283950461728395059827162960
2839504617283950461728395059827162967
2839504617283950461728395059827163090
2839504617283950461728395059827163077
2839504617283950461728395059827163014
2839504617283950461728395059827163126
2839504617283950461728395059827163175
2839504617283950461728395059827163275
2839504617283950461728395059827162732
2839504617283950461728395059827163126
2839504617283950461728395059827162939
2839504617283950461728395059827163021
2839504617283950461728395059827163234
2839504617283950461728395059827163062
2839504617283950461728395059827163177
2839504617283950461728395059827163007
2839504617283950461728395059827163324
2839504617283950461728395059827163163
2839504617283950461728395059827163199
2839504617283950461728395059827163203
2839504617283950461728395059827163054
2839504617283950461728395059827162788
2839504617283950461728395059827162874
2839504617283950461728395059827163018
2839504617283950461728395059827163080
2839504617283950461728395059827163231
2839504617283950461728395059827162737
2839504617283950461728395059827163158
2839504617283950461728395059827162810
2839504617283950461728395059827163109
2839504617283950461728395059827163064
2839504617283950461728395059827162738
2839504617283950461728395059827162794
2839504617283950461728395059827162713
2839504617283950461728395059827163020
2839504617283950461728395059827163107
2839504617283950461728395059827162876
2839504617283950461728395059827162993
2839504617283950461728395059827163124
2839504617283950461728395059827162987
2839504617283950461728395059827163207
2839504617283950461728395059827162939
2839504617283950461728395059827163019
2839504617283950461728395059827162991
2839504617283950461728395059827163091
2839504617283950461728395059827163286
2839504617283950461728395059827162846
2839504617283950461728395059827163250
2839504617283950461728395059827163072
2839504617283950461728395059827162919
2839504617283950461728395059827163052
2839504617283950461728395059827162816
2839504617283950461728395059827163139
2839504617283950461728395059827162892
2839504617283950461728395059827162926
2839504617283950461728395059827162851
2839504617283950461728395059827162914
2839504617283950461728395059827162963
2839504617283950461728395059827162936
2839504617283950461728395059827163069
2839504617283950461728395059827162952
2839504617283950461728395059827162815
2839504617283950461728395059827163167
2839504617283950461728395059827163034
2839504617283950461728395059827163179
2839504617283950461728395059827163013
2839504617283950461728395059827163281
2839504617283950461728395059827163203
2839504617283950461728395059827163135
2839504617283950461728395059827163232
2839504617283950461728395059827163257
2839504617283950461728395059827163119
2839504617283950461728395059827163095
2839504617283950461728395059827163054
2839504617283950461728395059827162937
2839504617283950461728395059827163019
2839504617283950461728395059827163028
2839504617283950461728395059827162908
2839504617283950461728395059827163095
2839504617283950461728395059827162933
2839504617283950461728395059827163022
2839504617283950461728395059827163127
2839504617283950461728395059827163215
2839504617283950461728395059827163104
2839504617283950461728395059827162754
2839504617283950461728395059827162960
2839504617283950461728395059827163094
2839504617283950461728395059827163093
2839504617283950461728395059827162937
2839504617283950461728395059827163073
2839504617283950461728395059827163055
2839504617283950461728395059827162973
2839504617283950461728395059827162863
2839504617283950461728395059827162803
2839504617283950461728395059827163118
2839504617283950461728395059827162966
2839504617283950461728395059827162860
2839504617283950461728395059827162817
2839504617283950461728395059827163058
2839504617283950461728395059827163265
2839504617283950461728395059827162870
2839504617283950461728395059827163127
2839504617283950461728395059827162733
2839504617283950461728395059827162893
2839504617283950461728395059827163199
2839504617283950461728395059827163095
2839504617283950461728395059827162897
2839504617283950461728395059827162917
2839504617283950461728395059827163184
2839504617283950461728395059827163142
2839504617283950461728395059827162848
2839504617283950461728395059827163100
2839504617283950461728395059827163139
2839504617283950461728395059827162911
2839504617283950461728395059827163154
2839504617283950461728395059827162835
2839504617283950461728395059827163193
2839504617283950461728395059827162807
2839504617283950461728395059827162853
2839504617283950461728395059827162989
2839504617283950461728395059827163264
2839504617283950461728395059827163121
2839504617283950461728395059827163010
2839504617283950461728395059827163241
2839504617283950461728395059827162961
2839504617283950461728395059827162751
2839504617283950461728395059827162993
2839504617283950461728395059827163137
2839504617283950461728395059827163258
2839504617283950461728395059827163206
2839504617283950461728395059827163139
2839504617283950461728395059827162933
2839504617283950461728395059827163150
2839504617283950461728395059827163067
2839504617283950461728395059827163075
2839504617283950461728395059827162937
2839504617283950461728395059827163131
2839504617283950461728395059827162789
2839504617283950461728395059827163052
2839504617283950461728395059827163012
2839504617283950461728395059827162967
2839504617283950461728395059827163064
2839504617283950461728395059827162825
2839504617283950461728395059827163185
2839504617283950461728395059827162939
2839504617283950461728395059827163228
2839504617283950461728395059827163078
2839504617283950461728395059827163229
2839504617283950461728395059827163135
2839504617283950461728395059827163184
2839504617283950461728395059827163221
2839504617283950461728395059827163111
2839504617283950461728395059827163009
2839504617283950461728395059827162992
2839504617283950461728395059827163049
2839504617283950461728395059827163064
2839504617283950461728395059827163187
2839504617283950461728395059827162946
2839504617283950461728395059827163111
2839504617283950461728395059827163202
2839504617283950461728395059827163230
2839504617283950461728395059827162946
2839504617283950461728395059827163210
2839504617283950461728395059827162853
2839504617283950461728395059827162902
2839504617283950461728395059827162830
2839504617283950461728395059827163030
2839504617283950461728395059827163004
2839504617283950461728395059827162982
2839504617283950461728395059827163103
2839504617283950461728395059827163189
2839504617283950461728395059827162971
2839504617283950461728395059827163237
2839504617283950461728395059827162909
2839504617283950461728395059827162749
2839504617283950461728395059827162868
2839504617283950461728395059827162940
2839504617283950461728395059827162965
2839504617283950461728395059827163041
2839504617283950461728395059827162938
2839504617283950461728395059827163318
2839504617283950461728395059827162928
2839504617283950461728395059827163072
2839504617283950461728395059827162951
2839504617283950461728395059827162884
2839504617283950461728395059827163221
2839504617283950461728395059827163049
2839504617283950461728395059827163048
2839504617283950461728395059827162890
2839504617283950461728395059827162689
2839504617283950461728395059827163089
2839504617283950461728395059827163271
2839504617283950461728395059827163152
2839504617283950461728395059827163088
2839504617283950461728395059827162996
2839504617283950461728395059827163315
2839504617283950461728395059827163002
2839504617283950461728395059827163124
2839504617283950461728395059827162725
2839504617283950461728395059827163262
2839504617283950461728395059827163047
2839504617283950461728395059827162970
2839504617283950461728395059827162891
2839504617283950461728395059827163163
2839504617283950461728395059827162961
2839504617283950461728395059827162865
2839504617283950461728395059827163263
2839504617283950461728395059827162979
2839504617283950461728395059827162980
2839504617283950461728395059827162922
2839504617283950461728395059827163049
2839504617283950461728395059827162799
2839504617283950461728395059827163146
2839504617283950461728395059827163263
2839504617283950461728395059827163331
2839504617283950461728395059827163209
2839504617283950461728395059827162910
2839504617283950461728395059827163070
2839504617283950461728395059827163273
2839504617283950461728395059827163070
2839504617283950461728395059827162878
2839504617283950461728395059827162944
2839504617283950461728395059827162933
2839504617283950461728395059827162827
2839504617283950461728395059827162857
2839504617283950461728395059827163015
2839504617283950461728395059827162953
2839504617283950461728395059827163121
2839504617283950461728395059827162824
2839504617283950461728395059827163119
2839504617283950461728395059827162990
2839504617283950461728395059827163170
2839504617283950461728395059827162984
2839504617283950461728395059827163008
2839504617283950461728395059827163039
2839504617283950461728395059827163250
2839504617283950461728395059827163210
2839504617283950461728395059827163101
2839504617283950461728395059827163052
2839504617283950461728395059827162774
2839504617283950461728395059827162922
2839504617283950461728395059827163123
2839504617283950461728395059827163034
2839504617283950461728395059827163133
2839504617283950461728395059827162792
2839504617283950461728395059827163226
2839504617283950461728395059827162980
2839504617283950461728395059827163201
2839504617283950461728395059827162935
2839504617283950461728395059827163295
2839504617283950461728395059827163138
2839504617283950461728395059827162995
2839504617283950461728395059827162944
2839504617283950461728395059827163201
2839504617283950461728395059827162924
2839504617283950461728395059827162947
2839504617283950461728395059827163168
2839504617283950461728395059827162856
2839504617283950461728395059827162728
2839504617283950461728395059827163192
2839504617283950461728395059827162894
2839504617283950461728395059827162952
2839504617283950461728395059827163342
2839504617283950461728395059827163010
2839504617283950461728395059827162999
2839504617283950461728395059827162966
2839504617283950461728395059827163017
2839504617283950461728395059827163117
2839504617283950461728395059827162991
2839504617283950461728395059827163283
2839504617283950461728395059827163083
2839504617283950461728395059827162884
2839504617283950461728395059827163096
2839504617283950461728395059827163168
2839504617283950461728395059827163312
2839504617283950461728395059827162793
2839504617283950461728395059827163122
2839504617283950461728395059827163008
2839504617283950461728395059827163186
2839504617283950461728395059827162966
2839504617283950461728395059827163216
2839504617283950461728395059827162790
2839504617283950461728395059827163022
2839504617283950461728395059827162938
2839504617283950461728395059827162853
2839504617283950461728395059827163114
2839504617283950461728395059827163243
2839504617283950461728395059827163069
2839504617283950461728395059827163246
2839504617283950461728395059827163099
2839504617283950461728395059827163187
2839504617283950461728395059827163015
2839504617283950461728395059827162995
2839504617283950461728395059827163132
2839504617283950461728395059827163057
2839504617283950461728395059827162987
2839504617283950461728395059827163129
2839504617283950461728395059827162844
2839504617283950461728395059827163303
2839504617283950461728395059827163043
2839504617283950461728395059827162768
2839504617283950461728395059827163085
2839504617283950461728395059827163206
2839504617283950461728395059827162998
2839504617283950461728395059827163100
2839504617283950461728395059827162946
2839504617283950461728395059827162914
2839504617283950461728395059827163094
2839504617283950461728395059827163059
2839504617283950461728395059827163261
2839504617283950461728395059827162968
2839504617283950461728395059827163065
2839504617283950461728395059827163179
2839504617283950461728395059827163015
2839504617283950461728395059827163130
2839504617283950461728395059827162985
2839504617283950461728395059827163092
2839504617283950461728395059827163068
2839504617283950461728395059827162727
2839504617283950461728395059827163062
2839504617283950461728395059827163188
2839504617283950461728395059827162990
2839504617283950461728395059827163085
2839504617283950461728395059827162928
2839504617283950461728395059827163186
2839504617283950461728395059827163050
2839504617283950461728395059827163111
2839504617283950461728395059827162972
2839504617283950461728395059827163071
2839504617283950461728395059827162822
2839504617283950461728395059827163106
2839504617283950461728395059827162958
2839504617283950461728395059827162943
2839504617283950461728395059827162826
2839504617283950461728395059827162929
2839504617283950461728395059827163005
2839504617283950461728395059827163078
2839504617283950461728395059827163134
2839504617283950461728395059827163071
2839504617283950461728395059827163065
2839504617283950461728395059827163217
2839504617283950461728395059827162849
2839504617283950461728395059827162919
2839504617283950461728395059827162817
2839504617283950461728395059827163202
2839504617283950461728395059827162946
2839504617283950461728395059827163188
2839504617283950461728395059827163278
2839504617283950461728395059827162772
2839504617283950461728395059827163019
2839504617283950461728395059827163177
2839504617283950461728395059827162858
2839504617283950461728395059827162892
2839504617283950461728395059827163258
2839504617283950461728395059827163256
2839504617283950461728395059827162813
2839504617283950461728395059827163328
2839504617283950461728395059827162939
2839504617283950461728395059827163090
2839504617283950461728395059827162708
2839504617283950461728395059827163165
2839504617283950461728395059827163030
2839504617283950461728395059827162979
2839504617283950461728395059827162949
2839504617283950461728395059827162821
2839504617283950461728395059827163063
2839504617283950461728395059827162763
2839504617283950461728395059827163024
2839504617283950461728395059827162896
2839504617283950461728395059827162906
2839504617283950461728395059827162885
2839504617283950461728395059827163053
2839504617283950461728395059827163086
2839504617283950461728395059827163168
2839504617283950461728395059827162949
2839504617283950461728395059827163192
2839504617283950461728395059827162999
2839504617283950461728395059827162985
2839504617283950461728395059827162945
2839504617283950461728395059827162853
2839504617283950461728395059827163019
2839504617283950461728395059827162934
2839504617283950461728395059827162960
2839504617283950461728395059827162837
2839504617283950461728395059827163018
2839504617283950461728395059827163214
2839504617283950461728395059827163146
2839504617283950461728395059827163245
2839504617283950461728395059827163159
2839504617283950461728395059827163133
2839504617283950461728395059827163322
2839504617283950461728395059827162765
2839504617283950461728395059827163025
2839504617283950461728395059827162981
2839504617283950461728395059827163214
2839504617283950461728395059827162974
2839504617283950461728395059827162904
2839504617283950461728395059827163144
2839504617283950461728395059827162710
2839504617283950461728395059827162860
2839504617283950461728395059827163270
2839504617283950461728395059827163088
2839504617283950461728395059827163004
2839504617283950461728395059827163150
2839504617283950461728395059827163195
2839504617283950461728395059827163091
2839504617283950461728395059827163178
2839504617283950461728395059827163134
2839504617283950461728395059827163009
2839504617283950461728395059827163035
2839504617283950461728395059827163155
2839504617283950461728395059827163191
2839504617283950461728395059827162950
2839504617283950461728395059827162801
2839504617283950461728395059827162972
2839504617283950461728395059827163275
2839504617283950461728395059827163124
2839504617283950461728395059827163104
2839504617283950461728395059827163205
2839504617283950461728395059827162892
2839504617283950461728395059827163089
2839504617283950461728395059827162927
2839504617283950461728395059827163173
2839504617283950461728395059827162912
2839504617283950461728395059827162982
2839504617283950461728395059827163083
2839504617283950461728395059827162840
2839504617283950461728395059827163033
2839504617283950461728395059827162895
2839504617283950461728395059827163133
2839504617283950461728395059827162920
2839504617283950461728395059827162984
2839504617283950461728395059827162819
2839504617283950461728395059827162854
2839504617283950461728395059827163027
2839504617283950461728395059827162870
2839504617283950461728395059827162883
2839504617283950461728395059827163172
2839504617283950461728395059827162997
2839504617283950461728395059827162983
2839504617283950461728395059827163197
2839504617283950461728395059827163227
2839504617283950461728395059827162874
2839504617283950461728395059827162881
2839504617283950461728395059827162964
2839504617283950461728395059827162967
2839504617283950461728395059827162849
2839504617283950461728395059827163201
2839504617283950461728395059827163194
2839504617283950461728395059827162804
2839504617283950461728395059827163005
2839504617283950461728395059827162782
2839504617283950461728395059827163135
2839504617283950461728395059827163115
2839504617283950461728395059827163086
2839504617283950461728395059827163115
2839504617283950461728395059827162821
2839504617283950461728395059827163047
2839504617283950461728395059827162795
2839504617283950461728395059827163042
2839504617283950461728395059827163083
2839504617283950461728395059827163185
2839504617283950461728395059827163064
2839504617283950461728395059827162910
2839504617283950461728395059827163075
2839504617283950461728395059827163162
2839504617283950461728395059827163081
2839504617283950461728395059827163009
2839504617283950461728395059827162815
2839504617283950461728395059827162866
2839504617283950461728395059827163287
2839504617283950461728395059827162844
2839504617283950461728395059827163095
2839504617283950461728395059827163195
2839504617283950461728395059827163282
2839504617283950461728395059827162930
2839504617283950461728395059827162842
2839504617283950461728395059827163040
2839504617283950461728395059827162998
2839504617283950461728395059827162986
2839504617283950461728395059827163286
2839504617283950461728395059827162956
2839504617283950461728395059827163262
2839504617283950461728395059827163041
2839504617283950461728395059827163182
2839504617283950461728395059827163041
2839504617283950461728395059827162870
2839504617283950461728395059827163062
2839504617283950461728395059827163023
2839504617283950461728395059827162959
2839504617283950461728395059827163035
2839504617283950461728395059827163250
2839504617283950461728395059827163102
2839504617283950461728395059827163240
2839504617283950461728395059827163119
2839504617283950461728395059827163085
2839504617283950461728395059827162911
2839504617283950461728395059827162830
2839504617283950461728395059827162802
2839504617283950461728395059827162804
2839504617283950461728395059827163206
2839504617283950461728395059827163351
2839504617283950461728395059827162876
2839504617283950461728395059827163086
2839504617283950461728395059827162966
2839504617283950461728395059827162944
2839504617283950461728395059827163000
2839504617283950461728395059827163033
2839504617283950461728395059827162875
2839504617283950461728395059827163030
2839504617283950461728395059827163066
2839504617283950461728395059827162850
2839504617283950461728395059827163200
2839504617283950461728395059827163244
2839504617283950461728395059827163112
2839504617283950461728395059827163206
2839504617283950461728395059827162893
2839504617283950461728395059827163088
2839504617283950461728395059827163110
2839504617283950461728395059827162915
2839504617283950461728395059827163199
2839504617283950461728395059827162907
2839504617283950461728395059827162842
2839504617283950461728395059827163029
2839504617283950461728395059827163276
2839504617283950461728395059827163063
2839504617283950461728395059827163079
2839504617283950461728395059827163006
2839504617283950461728395059827162978
2839504617283950461728395059827163032
2839504617283950461728395059827163008
2839504617283950461728395059827163232
2839504617283950461728395059827162989
2839504617283950461728395059827163106
2839504617283950461728395059827163241
2839504617283950461728395059827163068
2839504617283950461728395059827162831
2839504617283950461728395059827163276
2839504617283950461728395059827162887
2839504617283950461728395059827163218
2839504617283950461728395059827163193
2839504617283950461728395059827163130
2839504617283950461728395059827163098
2839504617283950461728395059827163101
2839504617283950461728395059827163265
2839504617283950461728395059827163187
2839504617283950461728395059827163147
2839504617283950461728395059827162906
2839504617283950461728395059827162786
2839504617283950461728395059827162957
2839504617283950461728395059827163022
2839504617283950461728395059827162759
2839504617283950461728395059827163127
2839504617283950461728395059827162795
2839504617283950461728395059827163100
2839504617283950461728395059827162806
2839504617283950461728395059827163263
2839504617283950461728395059827163283
2839504617283950461728395059827163216
2839504617283950461728395059827162802
2839504617283950461728395059827163068
2839504617283950461728395059827163039
2839504617283950461728395059827162785
2839504617283950461728395059827163007
2839504617283950461728395059827163211
2839504617283950461728395059827163069
2839504617283950461728395059827162971
2839504617283950461728395059827162875
2839504617283950461728395059827162894
2839504617283950461728395059827162935
2839504617283950461728395059827163078
2839504617283950461728395059827162860
2839504617283950461728395059827163233
2839504617283950461728395059827163043
2839504617283950461728395059827163316
2839504617283950461728395059827163172
2839504617283950461728395059827162818
2839504617283950461728395059827162988
2839504617283950461728395059827162895
2839504617283950461728395059827163032
2839504617283950461728395059827163116
2839504617283950461728395059827162923
2839504617283950461728395059827163134
2839504617283950461728395059827163016
2839504617283950461728395059827163222
2839504617283950461728395059827163028
2839504617283950461728395059827162952
2839504617283950461728395059827163272
2839504617283950461728395059827162994
2839504617283950461728395059827163112
2839504617283950461728395059827163153
2839504617283950461728395059827163099
2839504617283950461728395059827163207
2839504617283950461728395059827163035
2839504617283950461728395059827163296
2839504617283950461728395059827162745
2839504617283950461728395059827163260
2839504617283950461728395059827163018
2839504617283950461728395059827163028
2839504617283950461728395059827163236
2839504617283950461728395059827162947
2839504617283950461728395059827163229
2839504617283950461728395059827163235
2839504617283950461728395059827163199
2839504617283950461728395059827163236
2839504617283950461728395059827162812
2839504617283950461728395059827162940
2839504617283950461728395059827163116
2839504617283950461728395059827163222
2839504617283950461728395059827162862
2839504617283950461728395059827163257
2839504617283950461728395059827163180
2839504617283950461728395059827163029
2839504617283950461728395059827163193
2839504617283950461728395059827163137
2839504617283950461728395059827163132
2839504617283950461728395059827163084
2839504617283950461728395059827163175
2839504617283950461728395059827163300
2839504617283950461728395059827163147
2839504617283950461728395059827162958
2839504617283950461728395059827162771
2839504617283950461728395059827162928
2839504617283950461728395059827163032
2839504617283950461728395059827163243
2839504617283950461728395059827162972
2839504617283950461728395059827163048
2839504617283950461728395059827163239
2839504617283950461728395059827162889
2839504617283950461728395059827162787
2839504617283950461728395059827162948
2839504617283950461728395059827163055
2839504617283950461728395059827163105
2839504617283950461728395059827162878
2839504617283950461728395059827162889
2839504617283950461728395059827163024
2839504617283950461728395059827163070
2839504617283950461728395059827163205
2839504617283950461728395059827163082
2839504617283950461728395059827162871
2839504617283950461728395059827163164
2839504617283950461728395059827162943
2839504617283950461728395059827163024
2839504617283950461728395059827162921
2839504617283950461728395059827162905
2839504617283950461728395059827163079
2839504617283950461728395059827162908
2839504617283950461728395059827163147
2839504617283950461728395059827162967
2839504617283950461728395059827163149
2839504617283950461728395059827163057
2839504617283950461728395059827163218
2839504617283950461728395059827162874
2839504617283950461728395059827163019
2839504617283950461728395059827162976
2839504617283950461728395059827162798
2839504617283950461728395059827162945
2839504617283950461728395059827163215
2839504617283950461728395059827163163
2839504617283950461728395059827163024
2839504617283950461728395059827163038
2839504617283950461728395059827163202
2839504617283950461728395059827163038
2839504617283950461728395059827162949
2839504617283950461728395059827162800
2839504617283950461728395059827163153
2839504617283950461728395059827163190
2839504617283950461728395059827163089
2839504617283950461728395059827162920
2839504617283950461728395059827163209
2839504617283950461728395059827163122
2839504617283950461728395059827162981
2839504617283950461728395059827162806
2839504617283950461728395059827162987
2839504617283950461728395059827162970
2839504617283950461728395059827163166
2839504617283950461728395059827163238
2839504617283950461728395059827162887
2839504617283950461728395059827162985
2839504617283950461728395059827163074
2839504617283950461728395059827162850
2839504617283950461728395059827162792
2839504617283950461728395059827163124
2839504617283950461728395059827162916
2839504617283950461728395059827162989
2839504617283950461728395059827163180
2839504617283950461728395059827162994
2839504617283950461728395059827162903
2839504617283950461728395059827162704
2839504617283950461728395059827162994
2839504617283950461728395059827162947
2839504617283950461728395059827162911
2839504617283950461728395059827163053
2839504617283950461728395059827163132
2839504617283950461728395059827162943
2839504617283950461728395059827163058
2839504617283950461728395059827163029
2839504617283950461728395059827163139
2839504617283950461728395059827163110
2839504617283950461728395059827163132
2839504617283950461728395059827162944
2839504617283950461728395059827163172
2839504617283950461728395059827163196
2839504617283950461728395059827162900
2839504617283950461728395059827162812
2839504617283950461728395059827163161
2839504617283950461728395059827162907
2839504617283950461728395059827163096
2839504617283950461728395059827163121
2839504617283950461728395059827162938
2839504617283950461728395059827162996
2839504617283950461728395059827163005
2839504617283950461728395059827163082
2839504617283950461728395059827162924
2839504617283950461728395059827162908
2839504617283950461728395059827162905
2839504617283950461728395059827163142
2839504617283950461728395059827163268
2839504617283950461728395059827162940
2839504617283950461728395059827163216
2839504617283950461728395059827162896
2839504617283950461728395059827163011
2839504617283950461728395059827163275
2839504617283950461728395059827162930
2839504617283950461728395059827163143
2839504617283950461728395059827162911
2839504617283950461728395059827163067
2839504617283950461728395059827163213
2839504617283950461728395059827163144
2839504617283950461728395059827163211
2839504617283950461728395059827162934
2839504617283950461728395059827162879
2839504617283950461728395059827162985
2839504617283950461728395059827163101
2839504617283950461728395059827163213
2839504617283950461728395059827162931
2839504617283950461728395059827162862
2839504617283950461728395059827163290
2839504617283950461728395059827163296
2839504617283950461728395059827162780
2839504617283950461728395059827163010
2839504617283950461728395059827163143
2839504617283950461728395059827162799
2839504617283950461728395059827163009
2839504617283950461728395059827162991
2839504617283950461728395059827163089
2839504617283950461728395059827163204
2839504617283950461728395059827163266
2839504617283950461728395059827163015
2839504617283950461728395059827162968
2839504617283950461728395059827163133
2839504617283950461728395059827163230
2839504617283950461728395059827162932
2839504617283950461728395059827162989
2839504617283950461728395059827162848
2839504617283950461728395059827163074
2839504617283950461728395059827162989
2839504617283950461728395059827162800
2839504617283950461728395059827163036
2839504617283950461728395059827163048
2839504617283950461728395059827163013
2839504617283950461728395059827163165
2839504617283950461728395059827163196
2839504617283950461728395059827163225
2839504617283950461728395059827162851
2839504617283950461728395059827162929
2839504617283950461728395059827163076
2839504617283950461728395059827163224
2839504617283950461728395059827163156
2839504617283950461728395059827163053
2839504617283950461728395059827162843
2839504617283950461728395059827162899
2839504617283950461728395059827162890
2839504617283950461728395059827162860
2839504617283950461728395059827163110
2839504617283950461728395059827162773
2839504617283950461728395059827162808
2839504617283950461728395059827162873
2839504617283950461728395059827163037
2839504617283950461728395059827163042
2839504617283950461728395059827163164
2839504617283950461728395059827163000
2839504617283950461728395059827162897
2839504617283950461728395059827162995
2839504617283950461728395059827163177
2839504617283950461728395059827163060
2839504617283950461728395059827163136
2839504617283950461728395059827163135
2839504617283950461728395059827163068
2839504617283950461728395059827163108
2839504617283950461728395059827163137
2839504617283950461728395059827163143
2839504617283950461728395059827163091
2839504617283950461728395059827163030
2839504617283950461728395059827163307
2839504617283950461728395059827162962
2839504617283950461728395059827162864
2839504617283950461728395059827163055
2839504617283950461728395059827163181
2839504617283950461728395059827163030
2839504617283950461728395059827163081
2839504617283950461728395059827162960
2839504617283950461728395059827163116
2839504617283950461728395059827163140
2839504617283950461728395059827163157
2839504617283950461728395059827162921
2839504617283950461728395059827162887
2839504617283950461728395059827162872
2839504617283950461728395059827163156
2839504617283950461728395059827163080
2839504617283950461728395059827162934
2839504617283950461728395059827162879
2839504617283950461728395059827162911
2839504617283950461728395059827162735
2839504617283950461728395059827163192
2839504617283950461728395059827163278
2839504617283950461728395059827163229
2839504617283950461728395059827163150
2839504617283950461728395059827163182
2839504617283950461728395059827162950
2839504617283950461728395059827163146
2839504617283950461728395059827162913
2839504617283950461728395059827163163
2839504617283950461728395059827162991
2839504617283950461728395059827162977
2839504617283950461728395059827162717
2839504617283950461728395059827162888
2839504617283950461728395059827163008
2839504617283950461728395059827163200
2839504617283950461728395059827163212
2839504617283950461728395059827163141
2839504617283950461728395059827162912
2839504617283950461728395059827163143
2839504617283950461728395059827163055
2839504617283950461728395059827163051
2839504617283950461728395059827163040
2839504617283950461728395059827162745
2839504617283950461728395059827162947
2839504617283950461728395059827162852
2839504617283950461728395059827163123
2839504617283950461728395059827163003
2839504617283950461728395059827163104
2839504617283950461728395059827163348
2839504617283950461728395059827163288
2839504617283950461728395059827162857
2839504617283950461728395059827163169
2839504617283950461728395059827163115
2839504617283950461728395059827162867
2839504617283950461728395059827163193
2839504617283950461728395059827162785
2839504617283950461728395059827162935
2839504617283950461728395059827163117
2839504617283950461728395059827162990
2839504617283950461728395059827163260
2839504617283950461728395059827163096
2839504617283950461728395059827162932
2839504617283950461728395059827163126
2839504617283950461728395059827163194
2839504617283950461728395059827163210
2839504617283950461728395059827162861
2839504617283950461728395059827163249
2839504617283950461728395059827163186
2839504617283950461728395059827163074
2839504617283950461728395059827162769
2839504617283950461728395059827163131
2839504617283950461728395059827163096
2839504617283950461728395059827163107
2839504617283950461728395059827162825
2839504617283950461728395059827163046
2839504617283950461728395059827163245
2839504617283950461728395059827163027
2839504617283950461728395059827163179
2839504617283950461728395059827162810
